val: 1
calc(2): 1.414214
val: 1
calc(2): 1.414214
